  50.844 -26.2985  173.943 -36.3687  14.0508  3.91988 -23.0449  48.8444 0.0137355  9.52317 
-22.6885  236.782   1116.7 -3.93543  13.6496  15.8393 -17.6442 -5.08796 -45.5302  32.2315 
 430.048 -21.0718  1284.05  135.772  -17.883  45.0874 -78.2424  162.973 -17.8355 -291.779 
-20.6173  18.0773 -441.043 -21.7726 -49.1578 -6.45439  17.7953 -30.9816 -10.2418  18.1328 
 60.5918 -809.281 -14.7455 -97.8111  173.887  5.53382   17.682  27.8882 -94.1928  131.349 
-10.1604 -116.322  39.8644 -49.7507  79.5804  4.54388 -37.4257  99.9376  15.2439 -12.4246 
 84.8884  86.3312   124.46   27.949 -21.5115  -1.1776 -18.1284  40.6012  51.3887 -74.3345 
 34.6542  251.515  3177.13 -67.8576  170.238  53.5879 -253.601  239.186  16.8148  45.9916 
-323.671 -6.70278   306.87  131.804  32.5465 -26.6068  66.6405  -131.09  35.8192  433.859 
-25.7926 -5.58822  -3.2452 -1131.12 -113.887 -30.3449  104.232 -28.8146  34.6425  149.239 
